50 0 0
51 0 0
52 0 0
53 0 0
54 0 0
55 0 0
56 0 0
57 0 6
58 0 0
59 0 0
60 0 0
61 0 0
62 0 0
63 0 2
64 0 0
65 0 12
66 0 0
67 0 0
68 0 0
69 0 0
70 0 11
71 0 0
72 0 0
73 0 18
74 0 0
75 0 0
76 0 0
77 0 0
78 0 0
79 0 17
80 0 0
81 0 0
82 0 0
83 0 0
84 0 2
85 0 0
86 0 5
87 0 0
88 0 19
89 0 0
90 0 0
91 0 0
92 0 0
93 0 0
94 0 0
95 0 0
96 0 0
97 0 0
98 0 0
99 0 0
150 1 1
151 1 1
152 1 12
153 1 0
154 1 1
155 1 1
156 1 1
157 1 1
158 1 1
159 1 1
160 1 1
161 1 1
162 1 1
163 1 1
164 1 19
165 1 1
166 1 1
167 1 15
168 1 8
169 1 1
170 1 1
171 1 15
172 1 1
173 1 1
174 1 19
175 1 1
176 1 1
177 1 1
178 1 1
179 1 1
180 1 1
181 1 1
182 1 1
183 1 1
184 1 1
185 1 1
186 1 1
187 1 1
188 1 15
189 1 1
190 1 10
191 1 1
192 1 1
193 1 1
194 1 1
195 1 19
196 1 1
197 1 1
198 1 1
199 1 1
1050 10 10
1051 10 10
1052 10 10
1053 10 10
1054 10 10
1055 10 10
1056 10 10
1057 10 10
1058 10 10
1059 10 10
1060 10 10
1061 10 10
1062 10 10
1063 10 10
1064 10 10
1065 10 10
1066 10 10
1067 10 10
1068 10 19
1069 10 10
1070 10 10
1071 10 10
1072 10 10
1073 10 10
1074 10 10
1075 10 10
1076 10 10
1077 10 10
1078 10 12
1079 10 10
1080 10 10
1081 10 10
1082 10 10
1083 10 10
1084 10 10
1085 10 10
1086 10 10
1087 10 10
1088 10 10
1089 10 10
1090 10 10
1091 10 10
1092 10 10
1093 10 10
1094 10 10
1095 10 10
1096 10 10
1097 10 10
1098 10 11
1099 10 8
1150 11 11
1151 11 11
1152 11 1
1153 11 11
1154 11 11
1155 11 11
1156 11 11
1157 11 11
1158 11 11
1159 11 11
1160 11 11
1161 11 19
1162 11 11
1163 11 11
1164 11 11
1165 11 11
1166 11 11
1167 11 11
1168 11 11
1169 11 11
1170 11 11
1171 11 11
1172 11 11
1173 11 11
1174 11 11
1175 11 11
1176 11 11
1177 11 11
1178 11 11
1179 11 11
1180 11 11
1181 11 11
1182 11 11
1183 11 11
1184 11 11
1185 11 11
1186 11 11
1187 11 11
1188 11 11
1189 11 11
1190 11 11
1191 11 11
1192 11 11
1193 11 11
1194 11 11
1195 11 11
1196 11 11
1197 11 11
1198 11 11
1199 11 1
1250 12 12
1251 12 12
1252 12 12
1253 12 12
1254 12 12
1255 12 12
1256 12 0
1257 12 12
1258 12 12
1259 12 12
1260 12 12
1261 12 12
1262 12 12
1263 12 12
1264 12 12
1265 12 12
1266 12 12
1267 12 12
1268 12 12
1269 12 12
1270 12 12
1271 12 12
1272 12 12
1273 12 7
1274 12 12
1275 12 12
1276 12 12
1277 12 12
1278 12 12
1279 12 6
1280 12 12
1281 12 12
1282 12 12
1283 12 12
1284 12 19
1285 12 12
1286 12 12
1287 12 12
1288 12 12
1289 12 10
1290 12 12
1291 12 19
1292 12 12
1293 12 12
1294 12 12
1295 12 1
1296 12 0
1297 12 12
1298 12 0
1299 12 17
1350 13 13
1351 13 13
1352 13 13
1353 13 13
1354 13 13
1355 13 13
1356 13 13
1357 13 13
1358 13 13
1359 13 13
1360 13 13
1361 13 2
1362 13 13
1363 13 13
1364 13 13
1365 13 13
1366 13 13
1367 13 13
1368 13 13
1369 13 1
1370 13 13
1371 13 8
1372 13 13
1373 13 13
1374 13 13
1375 13 13
1376 13 13
1377 13 13
1378 13 13
1379 13 13
1380 13 13
1381 13 13
1382 13 15
1383 13 13
1384 13 3
1385 13 19
1386 13 13
1387 13 13
1388 13 13
1389 13 13
1390 13 13
1391 13 13
1392 13 13
1393 13 13
1394 13 13
1395 13 2
1396 13 19
1397 13 13
1398 13 17
1399 13 1
1450 14 14
1451 14 14
1452 14 14
1453 14 14
1454 14 14
1455 14 14
1456 14 14
1457 14 14
1458 14 14
1459 14 14
1460 14 14
1461 14 14
1462 14 14
1463 14 14
1464 14 14
1465 14 14
1466 14 14
1467 14 14
1468 14 14
1469 14 14
1470 14 14
1471 14 14
1472 14 14
1473 14 14
1474 14 14
1475 14 14
1476 14 14
1477 14 14
1478 14 14
1479 14 14
1480 14 14
1481 14 14
1482 14 14
1483 14 14
1484 14 14
1485 14 14
1486 14 14
1487 14 14
1488 14 9
1489 14 14
1490 14 8
1491 14 14
1492 14 14
1493 14 14
1494 14 14
1495 14 14
1496 14 14
1497 14 14
1498 14 14
1499 14 14
1550 15 8
1551 15 15
1552 15 1
1553 15 15
1554 15 15
1555 15 8
1556 15 15
1557 15 15
1558 15 15
1559 15 15
1560 15 15
1561 15 15
1562 15 15
1563 15 15
1564 15 15
1565 15 15
1566 15 15
1567 15 15
1568 15 15
1569 15 19
1570 15 15
1571 15 15
1572 15 8
1573 15 15
1574 15 2
1575 15 15
1576 15 15
1577 15 15
1578 15 15
1579 15 15
1580 15 15
1581 15 8
1582 15 18
1583 15 15
1584 15 8
1585 15 15
1586 15 15
1587 15 15
1588 15 15
1589 15 15
1590 15 2
1591 15 15
1592 15 15
1593 15 15
1594 15 15
1595 15 15
1596 15 15
1597 15 15
1598 15 15
1599 15 15
1650 16 16
1651 16 16
1652 16 16
1653 16 14
1654 16 16
1655 16 16
1656 16 16
1657 16 16
1658 16 14
1659 16 2
1660 16 11
1661 16 16
1662 16 16
1663 16 16
1664 16 16
1665 16 16
1666 16 16
1667 16 16
1668 16 16
1669 16 16
1670 16 16
1671 16 16
1672 16 16
1673 16 16
1674 16 16
1675 16 16
1676 16 16
1677 16 16
1678 16 16
1679 16 16
1680 16 16
1681 16 16
1682 16 16
1683 16 16
1684 16 16
1685 16 16
1686 16 11
1687 16 2
1688 16 16
1689 16 16
1690 16 16
1691 16 16
1692 16 16
1693 16 16
1694 16 16
1695 16 16
1696 16 16
1697 16 16
1698 16 16
1699 16 16
1750 17 1
1751 17 17
1752 17 17
1753 17 17
1754 17 17
1755 17 17
1756 17 17
1757 17 17
1758 17 17
1759 17 17
1760 17 17
1761 17 17
1762 17 1
1763 17 17
1764 17 17
1765 17 17
1766 17 17
1767 17 3
1768 17 1
1769 17 17
1770 17 17
1771 17 17
1772 17 17
1773 17 1
1774 17 17
1775 17 17
1776 17 17
1777 17 17
1778 17 1
1779 17 17
1780 17 17
1781 17 17
1782 17 17
1783 17 17
1784 17 17
1785 17 17
1786 17 17
1787 17 17
1788 17 17
1789 17 17
1790 17 17
1791 17 17
1792 17 17
1793 17 17
1794 17 17
1795 17 17
1796 17 17
1797 17 17
1798 17 17
1799 17 17
1850 18 18
1851 18 18
1852 18 18
1853 18 11
1854 18 18
1855 18 4
1856 18 18
1857 18 1
1858 18 17
1859 18 18
1860 18 18
1861 18 18
1862 18 18
1863 18 18
1864 18 18
1865 18 18
1866 18 18
1867 18 8
1868 18 8
1869 18 18
1870 18 18
1871 18 18
1872 18 8
1873 18 1
1874 18 18
1875 18 4
1876 18 18
1877 18 18
1878 18 18
1879 18 18
1880 18 3
1881 18 18
1882 18 8
1883 18 8
1884 18 8
1885 18 8
1886 18 2
1887 18 18
1888 18 18
1889 18 18
1890 18 1
1891 18 18
1892 18 4
1893 18 18
1894 18 18
1895 18 8
1896 18 4
1897 18 18
1898 18 8
1899 18 18
1950 19 2
1951 19 2
1952 19 19
1953 19 5
1954 19 18
1955 19 2
1956 19 19
1957 19 4
1958 19 19
1959 19 19
1960 19 2
1961 19 19
1962 19 2
1963 19 8
1964 19 5
1965 19 18
1966 19 19
1967 19 19
1968 19 18
1969 19 19
1970 19 8
1971 19 11
1972 19 15
1973 19 12
1974 19 9
1975 19 0
1976 19 9
1977 19 18
1978 19 19
1979 19 2
1980 19 19
1981 19 0
1982 19 15
1983 19 19
1984 19 0
1985 19 12
1986 19 9
1987 19 6
1988 19 9
1989 19 14
1990 19 9
1991 19 9
1992 19 13
1993 19 13
1994 19 2
1995 19 8
1996 19 19
1997 19 19
1998 19 13
1999 19 12
250 2 14
251 2 2
252 2 2
253 2 2
254 2 19
255 2 2
256 2 2
257 2 2
258 2 2
259 2 2
260 2 2
261 2 2
262 2 2
263 2 2
264 2 2
265 2 2
266 2 2
267 2 2
268 2 2
269 2 2
270 2 18
271 2 19
272 2 2
273 2 2
274 2 6
275 2 2
276 2 2
277 2 2
278 2 2
279 2 2
280 2 2
281 2 2
282 2 15
283 2 2
284 2 2
285 2 2
286 2 2
287 2 2
288 2 2
289 2 2
290 2 15
291 2 2
292 2 2
293 2 2
294 2 2
295 2 14
296 2 3
297 2 2
298 2 2
299 2 2
350 3 3
351 3 3
352 3 3
353 3 3
354 3 3
355 3 3
356 3 3
357 3 3
358 3 3
359 3 3
360 3 14
361 3 3
362 3 3
363 3 3
364 3 3
365 3 3
366 3 3
367 3 3
368 3 3
369 3 3
370 3 3
371 3 3
372 3 3
373 3 3
374 3 3
375 3 3
376 3 3
377 3 3
378 3 3
379 3 3
380 3 3
381 3 3
382 3 3
383 3 3
384 3 3
385 3 3
386 3 3
387 3 3
388 3 3
389 3 3
390 3 3
391 3 3
392 3 3
393 3 3
394 3 3
395 3 3
396 3 3
397 3 3
398 3 3
399 3 3
450 4 4
451 4 4
452 4 4
453 4 4
454 4 4
455 4 4
456 4 4
457 4 4
458 4 4
459 4 4
460 4 4
461 4 4
462 4 4
463 4 4
464 4 4
465 4 4
466 4 4
467 4 4
468 4 4
469 4 4
470 4 4
471 4 4
472 4 4
473 4 4
474 4 4
475 4 4
476 4 4
477 4 4
478 4 4
479 4 4
480 4 4
481 4 4
482 4 4
483 4 4
484 4 4
485 4 4
486 4 4
487 4 4
488 4 4
489 4 4
490 4 4
491 4 4
492 4 4
493 4 4
494 4 4
495 4 4
496 4 4
497 4 4
498 4 4
499 4 4
550 5 19
551 5 5
552 5 5
553 5 5
554 5 5
555 5 5
556 5 5
557 5 1
558 5 5
559 5 5
560 5 5
561 5 5
562 5 5
563 5 5
564 5 5
565 5 19
566 5 5
567 5 5
568 5 5
569 5 5
570 5 5
571 5 5
572 5 5
573 5 5
574 5 5
575 5 5
576 5 5
577 5 5
578 5 5
579 5 5
580 5 5
581 5 5
582 5 1
583 5 5
584 5 5
585 5 5
586 5 5
587 5 5
588 5 5
589 5 5
590 5 5
591 5 5
592 5 5
593 5 5
594 5 5
595 5 5
596 5 18
597 5 19
598 5 5
599 5 5
650 6 6
651 6 6
652 6 6
653 6 6
654 6 6
655 6 6
656 6 6
657 6 6
658 6 6
659 6 6
660 6 6
661 6 6
662 6 6
663 6 6
664 6 6
665 6 6
666 6 6
667 6 6
668 6 6
669 6 6
670 6 6
671 6 6
672 6 6
673 6 6
674 6 6
675 6 6
676 6 6
677 6 13
678 6 6
679 6 6
680 6 6
681 6 6
682 6 6
683 6 6
684 6 6
685 6 6
686 6 6
687 6 6
688 6 6
689 6 6
690 6 6
691 6 6
692 6 6
693 6 6
694 6 9
695 6 6
696 6 6
697 6 6
698 6 6
699 6 6
750 7 7
751 7 7
752 7 7
753 7 7
754 7 7
755 7 7
756 7 7
757 7 11
758 7 7
759 7 7
760 7 7
761 7 7
762 7 7
763 7 7
764 7 7
765 7 7
766 7 7
767 7 7
768 7 7
769 7 7
770 7 7
771 7 7
772 7 7
773 7 7
774 7 7
775 7 7
776 7 7
777 7 7
778 7 7
779 7 7
780 7 7
781 7 7
782 7 7
783 7 7
784 7 7
785 7 1
786 7 7
787 7 7
788 7 7
789 7 7
790 7 7
791 7 7
792 7 7
793 7 7
794 7 7
795 7 7
796 7 7
797 7 7
798 7 7
799 7 7
850 8 8
851 8 8
852 8 18
853 8 15
854 8 8
855 8 2
856 8 15
857 8 18
858 8 18
859 8 18
860 8 1
861 8 15
862 8 8
863 8 8
864 8 8
865 8 8
866 8 8
867 8 8
868 8 15
869 8 15
870 8 8
871 8 15
872 8 8
873 8 8
874 8 19
875 8 8
876 8 8
877 8 18
878 8 18
879 8 18
880 8 8
881 8 8
882 8 8
883 8 11
884 8 8
885 8 18
886 8 19
887 8 15
888 8 19
889 8 8
890 8 18
891 8 19
892 8 8
893 8 8
894 8 1
895 8 1
896 8 19
897 8 8
898 8 1
899 8 15
950 9 9
951 9 6
952 9 9
953 9 9
954 9 9
955 9 9
956 9 9
957 9 9
958 9 9
959 9 6
960 9 9
961 9 9
962 9 9
963 9 9
964 9 9
965 9 9
966 9 9
967 9 9
968 9 9
969 9 9
970 9 6
971 9 9
972 9 9
973 9 9
974 9 9
975 9 9
976 9 9
977 9 9
978 9 9
979 9 9
980 9 9
981 9 9
982 9 6
983 9 9
984 9 9
985 9 9
986 9 9
987 9 9
988 9 0
989 9 9
990 9 9
991 9 9
992 9 9
993 9 9
994 9 9
995 9 4
996 9 9
997 9 9
998 9 9
999 9 1
